3.643298538248709861e-01 -3.050642947519244808e-01 6.662892998320836258e-01 2.721149041820792799e-02 -4.087716791179862863e-02 -8.434144840871621307e-01 -5.118884270297489048e-01 1.687223686664890698e-01 -9.017507657137098231e-01 1.661806228129195651e-01
2.459682359473737423e-01 -2.512257444290064146e-01 3.715362820120385323e-01 4.765137551306028452e-02 7.002880182559968400e-03 -5.680309448765556990e-01 -3.358135092064671312e-01 1.880575765295805224e-01 -5.745437540044916469e-01 9.662166545465845913e-02
1.728707397123690481e-01 -2.048642766707604035e-01 2.136713190567000320e-01 5.619598025179328021e-02 6.488880772190996904e-02 -3.867887387028065560e-01 -2.167735383713868813e-01 1.749959526787679687e-01 -3.772751337409099293e-01 5.588503414747678089e-02
9.869137620126522403e-02 -1.676912886314270157e-01 8.325618765249105657e-02 6.092055850566571035e-02 1.671692121686517984e-01 -2.319686121305546689e-01 -1.295935166772089475e-01 1.819617545121802460e-01 -2.364851314599007714e-01 1.772627005090902583e-02
3.824225988746692007e-02 -1.360242656776392556e-01 -3.389579139538450442e-02 6.103931277348441375e-02 1.963011381184404658e-01 -1.060794649200707818e-01 -5.286850091342937957e-02 1.777977839840654828e-01 -8.527162162696939884e-02 -1.431954999018279599e-02
-1.914559906610258447e-02 -9.757745238688275702e-02 -1.403852455982046443e-01 6.544399429405074742e-02 2.400897800080940003e-01 3.118746621913520006e-02 3.149944050495986914e-02 1.678817457915877942e-01 4.314075510503502520e-02 -5.874158850108909119e-02
-7.638233651249708156e-02 -7.074422328323941300e-02 -2.606076502775709347e-01 5.803588468067188977e-02 2.934946805683270044e-01 1.681163823354692999e-01 1.069203514971735075e-01 1.745070245058609471e-01 1.858986446938313275e-01 -8.015256524817669648e-02
-1.391170799773361888e-01 -3.117266211310327703e-02 -3.813022141955356714e-01 5.837045311672809517e-02 3.544641762808908858e-01 3.204719923501358481e-01 2.010252373156541650e-01 1.706891701586606136e-01 3.420331439430311371e-01 -1.116358852031267973e-01
-2.096469098474049164e-01 2.828630110925096225e-02 -5.374053147053056145e-01 6.835439662420203510e-02 4.436769472935438996e-01 5.114076976582154765e-01 3.124986479403703554e-01 1.729755491496099140e-01 5.262928258045502794e-01 -1.611166696008709820e-01
-3.176977218452982088e-01 1.062453473069272097e-01 -7.633198160057590442e-01 8.014006795885883494e-02 5.359025091835274424e-01 8.355418621973932369e-01 4.950363641027875072e-01 1.714387121774213485e-01 8.410333264104982165e-01 -2.262233268209319914e-01
