-6.295130201511307533e-01 -2.618066316463436016e-01 -1.033056703399675216e-02 2.195999863317844580e-01 -1.926222937257394907e+00 8.029831952683072482e-02 2.606066978919648891e-01 -2.008892956251686901e-01 1.405728515687952769e-02 5.187979899770881476e-01
-2.227190520784688987e-01 -1.407277037760990002e-01 -4.843972922114217483e-02 1.412614900868917889e-01 -1.610482002016454528e+00 -3.986233912533899970e-02 6.920114933049817396e-02 -2.531971072896101460e-01 -1.509307143076967644e-02 1.098810981166321588e-01
-7.129605763115970385e-02 -7.594098086761900956e-02 -6.489250306077465336e-02 7.601450273575735550e-02 -1.172652816233775264e+00 -8.450365963999421914e-02 1.162646166920954655e-02 -3.225295635565398333e-01 -4.366911055220706883e-02 -1.729388776361459046e-01
-8.589154442965463154e-02 -9.947448805591488363e-02 -9.071990953790855239e-02 5.745316531920864611e-02 -5.498416675764309369e-01 -5.323700893896751024e-02 2.401503733923378292e-02 -1.887274841327856723e-01 -5.622019320842797097e-02 -1.890915866748734131e-01
-1.286161175788213262e-01 -1.554677009241060004e-01 -1.002583123885439353e-01 5.572272311918535781e-02 1.114008029780522019e-01 -2.088452385126387048e-02 6.643023390064334288e-02 1.370175091556544433e-01 -4.515707081247676002e-02 7.141198412877677870e-02
-3.584746619690840769e-02 -1.858144539675358753e-01 -9.986168266143147232e-02 1.514176543715826592e-02 5.547233662341386484e-01 -4.462594641122425571e-02 1.547073379860739589e-02 3.598171147154020089e-01 -2.993357636809978670e-02 2.010582850745866457e-01
1.588638077739409071e-01 -1.252997871349065540e-01 -9.661069045926481969e-02 -4.103211939924641255e-02 8.553105109896337321e-01 -6.657404876287600914e-02 -7.721407322500387083e-02 4.063067193746664474e-01 -2.865487525351623904e-02 1.177301936878963062e-01
3.151838097174478048e-01 -2.194686219585091635e-02 -8.207389070711251788e-02 -6.785973606936172853e-02 1.212157521104472835e+00 -8.761954678668208707e-02 -1.510827495265367193e-01 3.909507802779116914e-01 -3.384549904122175629e-02 -1.256887284376003722e-01
3.443662636226901275e-01 1.425274102295748246e-02 -8.168455306402483407e-02 -2.508656976744740377e-02 1.877084697869962460e+00 -5.215396575800988754e-02 -1.498682307943375314e-01 4.659591856829108925e-01 -2.619552165652316508e-02 -3.454863481428395722e-01
5.521867578274672894e-01 -4.283152743048738997e-02 -9.445579553567735875e-02 9.678689577419899437e-02 2.790767602596456065e+00 2.274721559818500619e-02 -2.060084627587457640e-01 8.115487304268009794e-01 2.793126565990912066e-03 -4.801953383836085609e-01
