-4.875413113197271664e-01 7.306382500633601396e-01 3.005573647231389867e-01 -4.940067718521667928e-01 6.738506810905861011e-01 3.919607613480776548e-02 1.790928024563535614e-01 -1.187764430579656638e+00 -4.124211365362737691e-01 -1.108461845942692925e+00
-3.244716729601678229e-01 3.579064328819642760e-01 1.178998418078538585e-01 -2.514415721179711904e-01 5.528764904824471360e-01 -2.913590662734830486e-02 1.052027253189053713e-01 -8.934963630687454694e-01 -2.543030731663509236e-01 -8.192994988430696290e-01
-1.880253815561157282e-01 1.524227321187273942e-01 1.901007320940047152e-02 -8.599454554925163585e-02 4.290606920685839931e-01 -5.049589791991259541e-02 5.415117039433495205e-02 -6.860016435415819958e-01 -1.672132524340922410e-01 -6.224677790021577728e-01
-9.123798234900115656e-02 1.523359689269243936e-02 -2.128870349879061902e-02 2.073028650934234315e-02 2.828974653383009574e-01 -1.719537573364068872e-02 2.230021029943802732e-02 -3.898328517738577359e-01 -1.210547924963522731e-01 -4.560989181038403451e-01
-1.710477051590968828e-02 -6.900282582583479318e-02 -6.748475572537068756e-02 6.714845185000051231e-02 8.308633428335206184e-02 -4.655566338495285492e-03 6.497319453738449255e-03 -5.849898711037463533e-02 -7.059301676765634970e-02 -2.714352958538166494e-01
2.858988508558699473e-02 -1.516916961552850218e-01 -8.573163370012798490e-02 1.317688756140012740e-01 -5.837074265480538676e-02 -2.057646706094201638e-02 -5.999170371644822405e-03 2.168187620333160981e-01 -3.406052679094815662e-03 -4.407240417137357064e-02
1.052321825671510558e-01 -2.441692095285493413e-01 -1.317617015927693425e-01 2.049105213128101510e-01 -1.120301778248141422e-01 -3.811451924387058293e-02 -3.662792785078623770e-02 4.284918286922597130e-01 6.037828522335436654e-02 2.122520464073565649e-01
1.819630909585766565e-01 -3.602248110790566837e-01 -1.779082756733414705e-01 2.448048719699751630e-01 -1.397617655183031396e-02 -5.309624016072113373e-02 -7.895513986125236860e-02 6.909122869293656821e-01 1.157306063490975978e-01 4.862532117278469124e-01
2.795611511237921509e-01 -4.699401187534232860e-01 -2.195363609716749209e-01 2.311391255093801500e-01 2.075575898187663748e-01 -5.916123193527671187e-02 -9.712742339518669332e-02 1.100776674453327608e+00 1.576127831165320403e-01 7.865006366530052917e-01
4.652148689667980896e-01 -7.534388037766637236e-01 -3.666227765584326725e-01 3.350720708373667867e-01 3.912567894606497898e-01 -5.673893406519327914e-02 -1.801180287839340977e-01 1.408256390513911827e+00 3.305048032780015799e-01 1.125138001274633481e+00
