-7.879917346530680433e-01 -1.452392909768010776e-01 -3.037380157527921343e-01 2.344605067593643899e-01 -1.367338635714055117e+00 4.389541668117744044e-01 5.354379630832206693e-01 -2.528655684662090564e-01 3.785683000276436339e-01 3.187084606620033678e-01
-4.911118472493266052e-01 -1.263116832508614229e-01 -2.192026717110264200e-01 1.504609925070086451e-01 -9.285386412248313182e-01 2.314044513501595790e-01 3.243435160840313913e-01 -2.221777851844641827e-01 2.088484011229279902e-01 1.428519956077522746e-01
-3.129300913030081399e-01 -1.118555666196833498e-01 -1.647614224888705459e-01 9.668374191819462116e-02 -5.800225254974705758e-01 1.193980478526856653e-01 2.114455229604048636e-01 -1.779613580657254668e-01 1.132458926235217628e-01 6.016792077752395468e-02
-1.824400495463734673e-01 -9.341376846402132950e-02 -1.252690865059296610e-01 5.163125229570577485e-02 -2.508824763092965537e-01 4.453544018804690696e-02 1.168243724765413022e-01 -1.257381151180284040e-01 3.212357211304581184e-02 2.147879727916236943e-03
-6.782148815844514511e-02 -8.229959810404834097e-02 -9.145159477485545474e-02 2.780089159991953537e-02 6.969558578352233469e-02 -2.204619418451790949e-02 2.540728199656370340e-02 -6.568015044907712929e-02 -2.318636304316982685e-02 -4.089464404855067126e-02
5.503627285020046278e-02 -7.217751771795739846e-02 -5.241914137795024992e-02 -1.403564295099987529e-02 3.589738992555235320e-01 -7.707952612808788295e-02 -5.347242181686218815e-02 2.268481638809691572e-02 -8.865053339402792498e-02 -8.548692204441366016e-02
1.800450148242165593e-01 -5.594834908622953878e-02 -8.173107867599258697e-03 -3.359184382326389773e-02 6.765024452738715999e-01 -1.428835365156134185e-01 -1.297282684279150999e-01 1.178213287041976476e-01 -1.342259031301162031e-01 -1.269424626756812391e-01
3.192282984070600182e-01 -4.021678807062177563e-02 3.968639222297621477e-02 -5.655594184774100780e-02 1.015930678265121179e+00 -2.044690651254024716e-01 -2.357407763796090239e-01 2.075956181159840097e-01 -1.962927806265973296e-01 -1.781906526217799935e-01
4.869865909775457635e-01 -2.349252799093775115e-02 9.479297004555951867e-02 -7.111838409866487465e-02 1.442419803370919906e+00 -2.803962842593508697e-01 -3.398626169611535519e-01 3.175905558671462403e-01 -2.647685136200033096e-01 -3.012032006596814804e-01
7.850485643774829381e-01 3.547396913713503266e-03 2.010820540057094985e-01 -7.001327064658846577e-02 2.054999413949012421e+00 -3.973079187614796393e-01 -5.364971543344559946e-01 5.350303549266687275e-01 -3.831459787545566931e-01 -4.719413298733422524e-01
