-6.982275836505154321e-02 -3.721260070699285993e-01 6.293433424950677368e-01 6.744764321259709428e-02 -8.600322055416261824e-01 -7.931752713269758504e-01 -2.512372299347332971e-01 -1.074756171739711247e-01 -8.429449715791127451e-01 2.961198626024493796e-01
-5.880837770958118049e-02 -2.581193010740752691e-01 3.588340462227679883e-01 4.759056017566618002e-02 -5.470362637946131201e-01 -5.139020114260961503e-01 -1.555277777365453307e-01 -8.959949016467474991e-02 -5.425099157414469131e-01 1.765476054507271186e-01
-4.231685403948731022e-02 -2.085679127827746449e-01 2.008969795164927408e-01 4.089336491880945362e-02 -3.095660728053157285e-01 -3.463853031986159903e-01 -1.050491015840304132e-01 -4.602405909849664745e-02 -3.598762058777476014e-01 1.029390030816789842e-01
-2.479165113512240420e-02 -1.473754924302718428e-01 8.322388806465291777e-02 3.341854737827199689e-02 -1.060071757044821206e-01 -2.099013442731584578e-01 -6.239006938932254581e-02 -2.571950877054580628e-02 -2.091276443437013743e-01 3.936026543767218167e-02
-3.206017974272252352e-02 -9.402276562412381633e-02 -3.566512430367915071e-02 3.550334282122057095e-02 8.782305361737732796e-02 -8.519299043412249806e-02 -3.395042825808185921e-02 2.205713372703456410e-03 -8.297976848537561012e-02 -2.267748501782520729e-02
-1.084507280618593819e-02 -4.753090711017930042e-02 -1.298226115200849795e-01 2.044021512164501467e-02 3.071010697566745606e-01 3.880288787278061285e-02 9.064659547223328367e-03 3.270140755999276921e-02 3.222316727772342460e-02 -8.321683522762277074e-02
7.809180393760423340e-03 2.432971296882132078e-03 -2.428777428998002696e-01 1.764750251243882989e-02 5.154935047245357005e-01 1.575892095876571253e-01 5.180649613474473669e-02 5.699704900189755258e-02 1.641723918446139907e-01 -1.391571169299317123e-01
1.008898825829810525e-02 5.052369551809257620e-02 -3.477623132918385429e-01 5.285263266067455508e-03 7.751521876271868505e-01 2.966175631847577376e-01 9.347005819807061022e-02 1.010124520708081536e-01 2.964179338400571018e-01 -2.305145763536029235e-01
4.579115213490504710e-02 1.279409355479256272e-01 -4.768476417575267523e-01 2.825792836764913149e-02 1.065127072013221987e+00 4.693400416961449606e-01 1.513374221589024737e-01 1.660767331494133470e-01 4.681790610762081584e-01 -3.225306429736620184e-01
1.171741930852935737e-01 2.061735181034870801e-01 -7.009064095482656631e-01 2.905246377439715463e-02 1.559784810531295030e+00 7.422803240546126391e-01 2.371048590203051754e-01 3.029191308645264868e-01 7.541378578668254118e-01 -4.633969272936603323e-01
