1.764310836791992188e+00 7.831086218357086182e-02 -9.304891228675842285e-01 -5.284062623977661133e-01 4.918357729911804199e-01 1.008538722991943359e+00 -1.458189725875854492e+00 3.483156859874725342e-01 4.799510836601257324e-01 6.488083600997924805e-01
2.048621177673339844e+00 -2.770568132400512695e-01 6.262683868408203125e-01 6.397950649261474609e-01 -5.149840191006660461e-02 -3.733063638210296631e-01 -9.664507508277893066e-01 5.527004599571228027e-02 1.120873212814331055e+00 -3.242751657962799072e-01
1.494136333465576172e+00 -3.976559638977050781e-02 1.270896047353744507e-01 -8.634208440780639648e-01 -6.838055849075317383e-01 3.984245657920837402e-01 -1.496219396591186523e+00 3.658266961574554443e-01 2.210491746664047241e-01 -1.110826253890991211e+00
1.592801570892333984e+00 3.250768184661865234e-01 -3.111026287078857422e-01 2.227678000926971436e-01 -4.240130782127380371e-01 3.150349855422973633e-01 -1.245205402374267578e+00 -4.898158013820648193e-01 -7.331003546714782715e-01 7.183799743652343750e-01
1.375993967056274414e+00 -7.454082369804382324e-01 4.315614700317382812e-03 -8.444814383983612061e-02 3.483847379684448242e-01 2.867274284362792969e-01 -1.160233020782470703e+00 -5.323740243911743164e-01 -4.893860220909118652e-01 -5.105738639831542969e-01
1.718756198883056641e+00 -2.148864418268203735e-01 4.175676405429840088e-02 -5.172833204269409180e-01 5.548746511340141296e-02 -6.774231195449829102e-01 -1.474428892135620117e+00 8.162631988525390625e-01 -3.338869810104370117e-01 2.515515387058258057e-01
1.787577867507934570e+00 8.480014204978942871e-01 8.189707994461059570e-01 3.772169649600982666e-01 8.315516710281372070e-01 -2.689959704875946045e-01 -1.190914154052734375e+00 5.881320238113403320e-01 -7.654278874397277832e-01 -7.663536071777343750e-02
-2.379362285137176514e-01 -8.229130506515502930e-01 2.565769851207733154e-01 1.243083834648132324e+00 1.222119927406311035e+00 7.540539503097534180e-01 4.267092943191528320e-01 -9.208661317825317383e-01 -1.675110608339309692e-01 7.566447257995605469e-01
-1.384686380624771118e-01 -9.182955026626586914e-01 -8.024538159370422363e-01 -1.056188225746154785e+00 3.651385903358459473e-01 4.901963472366333008e-01 -1.005787849426269531e-01 -1.329090833663940430e+00 5.168545842170715332e-01 4.098990559577941895e-01
2.986765503883361816e-01 2.256041578948497772e-02 4.034839570522308350e-02 4.612953960895538330e-01 -6.462662220001220703e-01 -5.504906177520751953e-01 2.539120316505432129e-01 -8.928115367889404297e-01 -1.156529188156127930e+00 3.464884757995605469e-01
-2.357566803693771362e-01 2.348151206970214844e-01 -6.886082291603088379e-01 6.405809521675109863e-02 4.535640403628349304e-02 -8.290905952453613281e-01 2.532646059989929199e-02 -4.444233477115631104e-01 4.767116904258728027e-01 3.911557793617248535e-01
-2.497413754463195801e-02 -3.931045234203338623e-01 -2.036093473434448242e-01 2.594384551048278809e-01 -7.937882542610168457e-01 5.849406719207763672e-01 4.286950826644897461e-02 -1.790769398212432861e-01 2.348930686712265015e-01 1.213227391242980957e+00
-1.207518577575683594e+00 1.415358781814575195e-01 -3.289577960968017578e-01 -1.172931194305419922e+00 1.510257601737976074e+00 5.552018880844116211e-01 9.232934117317199707e-01 5.579459667205810547e-01 2.972533106803894043e-01 -6.092618703842163086e-01
-9.656925201416015625e-01 -2.078167200088500977e-01 1.084377288818359375e+00 1.108650565147399902e-01 -6.443148255348205566e-01 1.575472116470336914e+00 9.463055729866027832e-01 1.360280215740203857e-01 -2.643213272094726562e-01 -6.087217330932617188e-01
-1.057298660278320312e+00 1.117852926254272461e+00 -3.720609545707702637e-01 -4.502213895320892334e-01 -2.435979694128036499e-01 2.492399662733078003e-01 7.943295836448669434e-01 3.519929945468902588e-01 -6.483489274978637695e-01 4.090731441974639893e-01
-1.283407926559448242e+00 5.318192839622497559e-01 9.691819548606872559e-02 1.057896137237548828e+00 -5.380142927169799805e-01 3.581032156944274902e-02 8.833571076393127441e-01 -6.207357645034790039e-01 1.512395218014717102e-02 -2.586350739002227783e-01
-1.121273159980773926e+00 3.564228415489196777e-01 2.988784909248352051e-01 4.713532626628875732e-01 6.574205756187438965e-01 -5.052568912506103516e-01 8.614875078201293945e-01 3.214139342308044434e-01 -1.298100948333740234e+00 -4.167025387287139893e-01
-1.193352818489074707e+00 -4.566243588924407959e-01 2.586171030998229980e-01 8.970144987106323242e-01 2.820653915405273438e-01 2.067008614540100098e-01 7.905067801475524902e-01 6.353152990341186523e-01 -3.994927406311035156e-01 4.826543331146240234e-01
-1.020713925361633301e+00 4.644928872585296631e-02 4.574357271194458008e-01 -7.004369497299194336e-01 -4.423815011978149414e-01 -5.055137872695922852e-01 5.290845632553100586e-01 3.978328704833984375e-01 1.128311634063720703e+00 -4.495811760425567627e-01
-9.283409118652343750e-01 -7.181640863418579102e-01 -4.189389348030090332e-01 -6.458775997161865234e-01 -6.981056332588195801e-01 -2.097617685794830322e-01 1.150840520858764648e+00 3.256379067897796631e-01 -5.529222488403320312e-01 -6.787024736404418945e-01
