-1.608370631717370713e+00 5.608388649206930143e-02 -3.177753042942388362e-02 1.057347617088393310e-01 -3.943469235782193910e-02 -1.364933709178794974e-02 1.240190598974962199e+00 1.470723505242951812e-02 -2.420027617372932927e-02 -9.807852069026484765e-03
-1.216233581296478405e+00 4.098825595072064232e-02 -2.300988338105014464e-02 9.301914955475965030e-02 -4.023326942546556761e-02 -5.267826555757082474e-03 9.355617617154621257e-01 1.798000730493543031e-02 -1.082137644093528195e-02 -1.183321341543353000e-02
-8.240965308755860974e-01 2.589262540937198320e-02 -1.424223633267640565e-02 8.030353740067996959e-02 -4.103184649310919613e-02 3.113683980273784790e-03 6.309329244559620520e-01 2.125277955744134251e-02 2.557523291858765369e-03 -1.385857476184057524e-02
-4.319594804546937894e-01 1.079699486802332409e-02 -5.474589284302666670e-03 6.758792524660028889e-02 -4.183042356075282464e-02 1.149519451630465205e-02 3.263040871964619782e-01 2.452555180994725470e-02 1.593642302465281269e-02 -1.588393610824762048e-02
-3.982243003380148139e-02 -4.298635673325335027e-03 3.293057764071072313e-03 5.487231309252060818e-02 -4.262900062839645315e-02 1.987670505233551932e-02 2.167524993696190450e-02 2.779832406245316689e-02 2.931532275744686000e-02 -1.790929745465466572e-02
3.523146203870908266e-01 -1.939426621467399414e-02 1.206070481244481130e-02 4.215670093844092747e-02 -4.342757769604008167e-02 2.825821558836638658e-02 -2.829535873225381692e-01 3.107109631495907909e-02 4.269422249024090732e-02 -1.993465880106171095e-02
7.444516708079831346e-01 -3.448989675602265326e-02 2.082835186081855028e-02 2.944108878436124677e-02 -4.422615476368371018e-02 3.663972612439725385e-02 -5.875824245820382430e-01 3.434386856746499128e-02 5.607312222303495464e-02 -2.196002014746875619e-02
1.136588721228875443e+00 -4.958552729737131237e-02 2.959599890919228926e-02 1.672547663028156606e-02 -4.502473183132733869e-02 4.502123666042812111e-02 -8.922112618415383167e-01 3.761664081997090348e-02 6.945202195582900195e-02 -2.398538149387580143e-02
1.528725771649767751e+00 -6.468115783871997149e-02 3.836364595756602824e-02 4.009864476201885353e-03 -4.582330889897096721e-02 5.340274719645898838e-02 -1.196840099101038390e+00 4.088941307247681567e-02 8.283092168862304927e-02 -2.601074284028284667e-02
1.920862822070660059e+00 -7.977678838006863060e-02 4.713129300593976723e-02 -8.705747677877795354e-03 -4.662188596661459572e-02 6.178425773248985564e-02 -1.501468936360538464e+00 4.416218532498272786e-02 9.620982142141709659e-02 -2.803610418668989190e-02
