5.227680342066787222e-02 6.174852720608411394e-01 5.971571804374985193e-02 2.221295748772668388e-02 -9.569067344938126940e-01 -3.929929236069815840e-02 1.380956448677084225e-01 -1.241288327827648530e+00 -3.426115534944376151e-01 -4.989248087445063984e-02
4.934695951927326601e-02 4.466963272890740466e-01 4.232909190460180937e-02 1.994964515675441349e-02 -6.804619933261787379e-01 -4.163977044964270458e-02 1.251670210326687183e-01 -9.952142228735380014e-01 -4.004431148715129063e-01 -4.774445139558707030e-02
4.844741986035439041e-02 3.141422655754967930e-01 3.457666684865710188e-02 1.859829323258499131e-02 -4.330924660825621886e-01 -4.340285264930220099e-02 8.714445116885551068e-02 -8.790083159850702321e-01 -3.983567200433582589e-01 -4.588111359956532909e-02
4.779584222080187489e-02 1.990919881979140715e-01 2.956053446149802671e-02 1.815935957430463848e-02 -2.035195046617513381e-01 -4.630462501220369148e-02 3.571387072054139217e-02 -7.867093132347772189e-01 -3.825473715990151402e-01 -4.476508460509235482e-02
4.678126046449001402e-02 1.037681537968294793e-01 2.470906442116728441e-02 1.902486737232333275e-02 3.176757178967046930e-02 -4.844376745839369669e-02 -1.079621095444865606e-02 -6.758244764246853498e-01 -4.061852567655651614e-01 -4.412371482023042663e-02
4.497312459571934512e-02 1.621905963717390833e-02 2.091660611027590030e-02 1.789109737135369249e-02 2.198004490845218706e-01 -5.166434684533054850e-02 -6.009427841696741296e-02 -5.011321565984783177e-01 -3.951149038187998230e-01 -4.172934315234076708e-02
4.232954536229319858e-02 -3.409054253151602015e-02 1.766960543993192911e-02 1.432398726294548813e-02 3.101134990632302135e-01 -5.354769334453199359e-02 -1.143170939145926462e-01 -1.135950669857074824e-01 -3.873264876175543381e-01 -3.820687918896494006e-02
3.795454554084376486e-02 -7.626671295657114213e-02 1.678793312769667756e-02 2.649812362504570720e-03 2.359083592609646784e-01 -5.352194285954166297e-02 -1.598587031326629548e-01 5.518836172397689754e-01 -2.832687153057687479e-01 -3.208490549835759514e-02
3.623620170595484580e-02 -1.663235357374032719e-01 1.401708419678061868e-02 -1.038205420852168943e-02 3.234979183197765895e-01 -5.907630283745651800e-02 -1.895643576923610740e-01 1.084575306572135966e+00 -1.482595603273986207e-01 -2.847186372499782916e-02
3.478684688938971092e-02 -2.527798149643141756e-01 6.474208851506608672e-03 -2.079063703732554960e-02 7.523023683370847481e-01 -7.900467362670139659e-02 -2.819372587155904442e-01 1.401375040245950165e+00 -6.395977762793381149e-02 -2.763038654451525217e-02
