5.394032728347308847e-02 -1.016578622000141735e-01 5.303946700839505535e-02 -3.784455143680810069e-02 -5.429061633322292968e-01 -4.464301645429895327e-02 -3.981715596094955179e-01 -8.689159604000841197e-01 1.474297178318879631e+00 6.792830168686471611e-03
4.718992731453169193e-02 -6.654855602886408650e-02 3.898658660683698013e-02 -2.227013039903816272e-02 -4.082503921325500440e-01 -5.531981679866825735e-02 -4.770604367597489626e-01 -3.322055939352318021e-01 7.206965690212319142e-01 -5.974933863307671858e-03
4.490044550720841826e-02 -7.203390986498237059e-02 2.872173601628129347e-02 -1.691210216951706535e-02 -3.117026244109264432e-01 -5.887265155269276462e-02 -4.201553011362652579e-01 -1.003958043772729125e-01 2.924406771805732608e-01 -1.522346978924837661e-02
4.651765686661867016e-02 1.503778640102483924e-02 2.290596274035623658e-02 -1.235403363227800637e-02 -1.629127518743231084e-01 -6.057631854913234082e-02 -2.524738439804371515e-01 -4.625943980269701938e-02 7.257684094870756053e-02 -2.489284100197350705e-02
4.844097263563595934e-02 1.224647454282621617e-01 1.879729655496025983e-02 -7.459597458627066115e-03 1.591181917400451978e-02 -6.239594593460156408e-02 -7.940260046485762835e-02 -2.177910002600377815e-02 -7.241061749964716743e-02 -3.404177488663487350e-02
4.963792921740406427e-02 2.455209653605684439e-01 1.658866996203864699e-02 -6.799987350285942138e-04 1.701953594771546396e-01 -6.342386441632180683e-02 4.610094685262254577e-02 -1.166666210791665386e-03 -2.424073278277223686e-01 -4.294816934543498055e-02
4.877107322252593330e-02 2.979597969742013852e-01 1.774333494672897943e-02 1.177714741116960874e-02 1.806017714552818620e-01 -5.958596494878786592e-02 1.514089214338951994e-01 3.192350141876910009e-03 -5.471950980733767400e-01 -5.151768561048808426e-02
4.190117986248337312e-02 1.698157690960503396e-01 2.375964591224736036e-02 3.325797308963935467e-02 4.183862564861744182e-02 -4.623460643772353551e-02 1.679657221488970731e-01 -7.585589161447164885e-02 -1.095269832505589180e+00 -6.016628976890746328e-02
3.385583988295368801e-02 1.323613566444987732e-01 2.699531509695048126e-02 5.796785977496470010e-02 9.739619180505035279e-02 -3.726344636813321010e-02 2.294510455801133386e-01 -2.068783941830401873e-01 -1.633893907493682685e+00 -7.308906024566910742e-02
2.971991205395999383e-02 4.186462901510428214e-01 2.062065443326028397e-02 8.408774769747409672e-02 5.562619346967839773e-01 -4.131677376285485676e-02 4.704339753602209684e-01 -2.091575912723646902e-01 -2.053949422265965996e+00 -9.685682852331241321e-02
