1.158029850094803928e-02 -2.039045616548477713e-01 3.748113503218102743e-02 2.359279862645063258e-02 -1.054077594778188631e+00 -1.749198615582190849e-02 -3.118077969842173447e-01 6.849538107660263497e-01 -9.336388770101907708e-01 -1.843426657305101413e-02
2.283028481217939595e-02 -1.202896621736327248e-01 3.325211016894271537e-02 1.622642320846669206e-02 -6.347206601525485770e-01 -2.918276184112908456e-02 -2.623969384825430295e-01 4.901885507164440714e-01 -7.009121758146854564e-01 -2.684344192880167707e-02
2.897101235166852501e-02 -5.113272039825424164e-02 3.074473767949983602e-02 1.220945531008642629e-02 -4.063907315525038810e-01 -3.684647635305242364e-02 -2.093153102552278710e-01 3.063549152759190708e-01 -5.511218276880723854e-01 -3.159386385449442641e-02
3.406026176117733784e-02 2.117674377735722160e-02 2.910494410651046429e-02 1.016824723988402936e-02 -2.199151240524712669e-01 -4.344500268425145750e-02 -1.754033077077091773e-01 1.395668699245367073e-01 -4.561979646235894137e-01 -3.526052539329430080e-02
3.880439151031041950e-02 8.086100294829941248e-02 2.785803484394500790e-02 8.898541658203702742e-03 -6.499788745323287209e-02 -4.878441497879143496e-02 -1.201895999257589775e-01 -4.831380611425633437e-02 -3.491964255552905128e-01 -3.865287719354253831e-02
4.399230369798952378e-02 1.307040801231675597e-01 2.641340215169814612e-02 7.206275704319880897e-03 8.015615470976153456e-02 -5.473023156991326660e-02 -8.248019788291741095e-02 -2.244428067466919807e-01 -2.304768110055447072e-01 -4.134810159938172996e-02
4.965227042955614595e-02 2.103339223058197649e-01 2.514003554471606200e-02 5.662584821998659264e-03 2.108089379467242841e-01 -6.067127756789381793e-02 -3.735925456926344340e-02 -4.453135183424312138e-01 -1.169609934292883680e-01 -4.408137665730584021e-02
5.678907150465199727e-02 2.678640136531604266e-01 2.370589821281480700e-02 4.237548033064879663e-03 3.692147750947808449e-01 -6.703684676061416603e-02 5.650315535467213129e-02 -6.730910144950288387e-01 -2.663679255328922895e-03 -4.722131365734771880e-02
6.701749957468348950e-02 3.588286893231698582e-01 2.145095870804241897e-02 2.957989780204771726e-03 5.754747142002040183e-01 -7.461739448375151462e-02 1.650064913981876547e-01 -9.088130250145837197e-01 9.069325935257931126e-02 -5.321265237758198569e-02
8.565479747054939585e-02 4.871923126877353294e-01 1.899670427175569401e-02 2.079578891926047888e-04 8.664837143133876651e-01 -8.982759447529921337e-02 3.818745115030022230e-01 -1.284973388461982502e+00 2.321680486646676700e-01 -6.322323074332147907e-02
