3.223584621296921027e-02 4.810545877845114893e-01 2.224428006509449399e-02 8.295692837172530254e-02 5.480677547731582777e-01 -4.490322916997643854e-02 3.595781991519987342e-01 -3.041491005032599393e-01 -2.001913584194805029e+00 -9.697985523582415557e-02
3.806570653868866783e-02 2.267105471287674257e-01 2.583826180621659127e-02 5.465277248148563138e-02 1.267257483897118731e-01 -4.274114725947460863e-02 2.124214472283184052e-01 -2.833005768653937273e-01 -1.498932166588728521e+00 -7.248393375469339150e-02
4.735327181144251968e-02 2.889499960646783605e-01 2.177578148193750132e-02 2.911616384918451483e-02 1.059543075283094493e-01 -5.366251552303321487e-02 1.779563238091010358e-01 -2.883750558926517771e-01 -9.027091551314703199e-01 -6.023666464401388615e-02
5.053663994669711779e-02 3.029748047085815132e-01 1.828366235940588613e-02 1.049014030692102355e-02 1.462561037824115229e-01 -6.098131307584537392e-02 1.117861630844585452e-01 -2.107855531943272076e-01 -4.690673681412801388e-01 -4.976646203409143543e-02
4.932940453018734572e-02 2.164966492735251602e-01 1.910499672011107403e-02 -7.802905186639938050e-04 7.678886631348244562e-02 -6.240669215699111427e-02 -1.281319154539192762e-02 -1.197015023276246648e-01 -2.027913531686275361e-01 -4.049290782829126356e-02
4.738207864998628116e-02 7.711787250567511687e-02 2.142010667075221891e-02 -8.839393107719162659e-03 -5.851894826313631948e-02 -6.051820535039040966e-02 -1.174424846067586431e-01 -2.504507194744330298e-02 -3.271037689578546598e-02 -3.119005963820850602e-02
4.489781657323638209e-02 -4.951317507854645361e-02 2.572128822805262727e-02 -1.512703247774747906e-02 -1.787145458753701122e-01 -5.794812058241352593e-02 -2.303867385898006603e-01 6.304958815550623652e-02 1.714924353373041555e-01 -2.173566929874369211e-02
4.367898494605183118e-02 -1.512187480961788288e-01 3.200684770105777233e-02 -2.063767454602610449e-02 -2.766826779539595660e-01 -5.427115681841283151e-02 -2.915352038544757884e-01 5.611346354498909089e-02 4.867107246638686102e-01 -1.155304637745593194e-02
4.283681825171398866e-02 -2.059533990527225578e-01 4.056292065877650094e-02 -2.699153785476638909e-02 -3.407373626969562030e-01 -4.835903629297489542e-02 -2.454192524032789979e-01 -6.726169600380144109e-02 1.042941626667590604e+00 6.074010539689318972e-04
4.383116097860613458e-02 -4.749000913999832374e-01 4.939727748027263055e-02 -4.192804633787321905e-02 -4.817834842654879490e-01 -3.640306640295758178e-02 -6.556708163088652286e-02 -2.395481493848375665e-01 1.828960434167968829e+00 2.224505201814018160e-02
