8.912890939922332376e-03 -1.360842576866411469e-01 3.646326250749681863e-02 3.035532314098173673e-02 -1.007794664513954608e+00 -1.454852287567422360e-02 -1.309316719308400434e-01 6.396755550927395451e-01 -9.426416153881271853e-01 -2.181853481461287075e-02
2.118099216602223334e-02 -1.111711101877872893e-01 3.249411275794678033e-02 1.782620712261410306e-02 -6.181549187106614163e-01 -2.780483904221815739e-02 -1.279604126223149174e-01 5.273157858575521217e-01 -6.070361125028044258e-01 -2.588772349340804149e-02
2.776765518981619968e-02 -8.398723846709488239e-02 3.083118244512471004e-02 1.219673220000946218e-02 -3.630342395146344270e-01 -3.532090282301772466e-02 -9.907922069389667186e-02 3.797617630866793048e-01 -4.460982806515480514e-01 -3.007914646042570903e-02
3.315460341610963063e-02 -3.113813722966331590e-02 2.927707830249613036e-02 8.847635535076246727e-03 -1.860605136918642710e-01 -4.240492680507985251e-02 -9.701868683276297645e-02 2.295018088354026931e-01 -3.182496891901546721e-01 -3.250868881971592794e-02
3.794144468526822189e-02 1.404654321704431295e-02 2.761855250244235616e-02 5.721157235885322712e-03 -2.949200059849340499e-02 -4.867611206990370837e-02 -6.531359542315087752e-02 7.508852579540509220e-02 -1.913086492571799690e-01 -3.468831990546419886e-02
4.317437128612142128e-02 6.166826269826804208e-02 2.702531699345741070e-02 3.243996497721978074e-03 9.886682083388682873e-02 -5.475221561844021562e-02 -5.481994230258354500e-02 -1.261992796560303387e-01 -6.085979865759690716e-02 -3.656340304226889104e-02
4.940388686083189984e-02 1.246716414357482011e-01 2.606996988610346330e-02 2.346320895298742632e-04 2.038449854498266822e-01 -6.089277604968312829e-02 -2.153637043108612772e-02 -3.427118916648748681e-01 9.277699779322762241e-02 -3.741078386987048421e-02
5.694379799761746519e-02 1.803733495449708346e-01 2.481850497208345704e-02 -1.977010120538095096e-03 3.359416472955298882e-01 -6.706653329873295266e-02 4.132798423703092083e-02 -5.960587200135784025e-01 2.098867975930152618e-01 -4.030621362118031598e-02
6.749495866347379747e-02 2.482745272383637403e-01 2.389200870986856948e-02 -4.680026419497820486e-03 5.153736521934928483e-01 -7.479218791266349642e-02 1.409274921330191110e-01 -8.675945246748861805e-01 3.382564690006598096e-01 -4.476374675452449853e-02
8.677975667574559793e-02 3.677108924638541887e-01 2.196191333947426078e-02 -8.044379584516600859e-03 8.030284822032708325e-01 -8.960221041158160371e-02 3.264226855024242591e-01 -1.252390743328629208e+00 4.865242128654304610e-01 -5.406695748075327629e-02
