5.081695808541268622e-02 6.692767163700409361e-01 6.310946751826151946e-02 1.465994675709018057e-02 -9.482221184603283337e-01 -4.525171625431890360e-02 -3.326705637193654863e-01 -1.252001931813205626e+00 -8.552634749270132675e-02 -3.831624791002982700e-02
4.885805370807305703e-02 5.038464620487755896e-01 4.363409478083000309e-02 1.554620022893300757e-02 -6.306540137723631867e-01 -4.700798118300390099e-02 -1.848377806882912366e-01 -1.027165674932583261e+00 -1.810817518799739678e-01 -3.981462486849517840e-02
4.910495749397137538e-02 3.372499683459204700e-01 3.448793641455524112e-02 1.562326241697934229e-02 -4.091394047671078060e-01 -4.674820276247575179e-02 -3.347004513562201744e-02 -8.874563849685329631e-01 -2.241228699283890624e-01 -4.072390574052602713e-02
4.814764898120351549e-02 2.310076384115779813e-01 2.883455948972844796e-02 1.653536481708655151e-02 -1.867891283451285633e-01 -4.763181886204226334e-02 3.518710672400883477e-02 -7.282150288943455285e-01 -2.772570064899004261e-01 -4.199002574051576009e-02
4.632565742602186981e-02 8.349179139016990603e-02 2.488074612723192511e-02 1.799356166244462166e-02 8.191137301943329091e-03 -4.772250715062287263e-02 8.715261699458805300e-02 -5.384322052883911969e-01 -3.331755848371377171e-01 -4.223454738002384301e-02
4.422294180830781823e-02 -3.410657168645907927e-02 2.209399579713535247e-02 1.665412074341897711e-02 1.512654969120574844e-01 -4.819007064474638280e-02 1.031423967098905881e-01 -2.473033156072586836e-01 -3.295414916425447038e-01 -3.980256008958721337e-02
4.051561183072298344e-02 -1.366561375970770931e-01 2.019447074488438590e-02 1.035440926813900944e-02 2.098790095473997974e-01 -4.786149625118529816e-02 1.052345803730614510e-01 1.805214627158800156e-01 -2.538686842435342039e-01 -3.502997476882313554e-02
3.645296182224103815e-02 -2.318128254043461678e-01 1.796393300295670223e-02 4.375917082850093974e-04 2.292306618102045168e-01 -4.982782725208555197e-02 1.094885161251104855e-01 6.661919456054706812e-01 -1.064516366186449292e-01 -2.916655178360593598e-02
3.497124351014666704e-02 -3.180919917876260383e-01 1.345993027783314207e-02 -1.035857700733164820e-02 3.956427496805560717e-01 -5.721479725552815893e-02 1.083266277652876197e-01 1.032437190733251464e+00 6.317801714166119964e-03 -2.748324024350710937e-02
3.525239772725444198e-02 -4.409881197286354415e-01 3.866160229071095421e-03 -2.049255580413107333e-02 8.150011389219383728e-01 -7.261683534165686016e-02 1.307055551062760168e-01 1.302293093872746166e+00 6.830012450773917387e-02 -2.867715121499912756e-02
