5.149360237117062145e-02 4.677556637876563173e-01 6.322990152001253250e-01 -4.007624859453002841e-01 6.219264815530767265e-02 5.298303316322403589e-01 -3.782212775526594406e-02 8.523928944314249634e-01 -9.639408170301244638e-02 -1.188425986483025554e+00
5.437927791444503028e-02 3.608655509447575294e-01 4.915920575164533513e-01 -2.992178049894532177e-01 3.860954768913418822e-02 4.158310097106958092e-01 -4.263263723123128512e-02 6.674429391772844777e-01 -6.737073557999023743e-02 -9.257321822020116997e-01
5.726495345771944606e-02 2.539754381018587415e-01 3.508850998327813775e-01 -1.976731240336060957e-01 1.502644722296070379e-02 3.018316877891512595e-01 -4.744314670719662619e-02 4.824929839231440476e-01 -3.834738945696801460e-02 -6.630383779209978456e-01
6.015062900099385490e-02 1.470853252589599258e-01 2.101781421491093760e-01 -9.612844307775900154e-02 -8.556653243212787585e-03 1.878323658676066821e-01 -5.225365618316196725e-02 2.975430286690036175e-01 -9.324043333945805645e-03 -4.003445736399840471e-01
6.303630454426827068e-02 4.019521241606111711e-02 6.947118446543738834e-02 5.416237878088078772e-03 -3.213975370938627202e-02 7.383304394606210463e-02 -5.706416565912730832e-02 1.125930734148631596e-01 1.969930278907640678e-02 -1.376507693589701931e-01
6.592198008754267258e-02 -6.669490042683767772e-02 -7.123577321823459929e-02 1.069609188339351730e-01 -5.572285417555975645e-02 -4.016627797548244505e-02 -6.187467513509264938e-02 -7.235688183927728445e-02 4.872264891209861920e-02 1.250430349220436332e-01
6.880765563081708835e-02 -1.735850132697364934e-01 -2.119427309019065730e-01 2.085055997897822533e-01 -7.930595464173323395e-02 -1.541655998970269947e-01 -6.668518461105799044e-02 -2.573068370934177285e-01 7.774599503512083509e-02 3.877368392030574595e-01
7.169333117409149025e-02 -2.804751261126351980e-01 -3.526496885855784913e-01 3.100502807456292920e-01 -1.028890551079067184e-01 -2.681649218185714889e-01 -7.149569408702333151e-02 -4.422567923475581031e-01 1.067693411581430302e-01 6.504306434840712026e-01
7.457900671736590603e-02 -3.873652389555340969e-01 -4.933566462692505206e-01 4.115949617014764694e-01 -1.264721555740802028e-01 -3.821642437401161496e-01 -7.630620356298867257e-02 -6.272067476016985887e-01 1.357926872811652808e-01 9.131244477650851676e-01
7.746468226064032181e-02 -4.942553517984329403e-01 -6.340636039529226053e-01 5.131396426573235914e-01 -1.500552560402537150e-01 -4.961635656616607548e-01 -8.111671303895401364e-02 -8.121567028558391854e-01 1.648160334041874897e-01 1.175818252046099133e+00
