-1.578493645445945504e+00 -8.557519322310280785e-02 -9.651542841675242457e-02 6.039828211080244813e-02 -9.174048532042800019e-02 -2.539786025419576987e-02 1.184976793187033195e+00 -5.613703520892787679e-02 -1.012856571201976585e-01 5.065697853529282924e-02
-1.177510092149225862e+00 -6.694571552388112190e-02 -8.841254990314730000e-02 4.828025053608195338e-02 -7.932264952124068458e-02 -1.466395302949654450e-02 8.777615363109181335e-01 -3.799822481181427264e-02 -1.059796495845272551e-01 3.474383218237273030e-02
-7.765265388525064427e-01 -4.831623782465942207e-02 -8.030967138954217543e-02 3.616221896136146557e-02 -6.690481372205336896e-02 -3.930045804797326070e-03 5.705462794348031830e-01 -1.985941441470067542e-02 -1.106736420488568379e-01 1.883068582945263830e-02
-3.755429855557869678e-01 -2.968676012543773612e-02 -7.220679287593705087e-02 2.404418738664097777e-02 -5.448697792286605335e-02 6.803861419901892360e-03 2.633310225586883435e-01 -1.720604017587081674e-03 -1.153676345131864345e-01 2.917539476532546305e-03
2.544056774093263196e-02 -1.105728242621604150e-02 -6.410391436233192630e-02 1.192615581192048302e-02 -4.206914212367873773e-02 1.753776864460111426e-02 -4.388423431742672493e-02 1.641820637952652248e-02 -1.200616269775160311e-01 -1.299560687638755263e-02
4.264241210376522595e-01 7.572195273005654856e-03 -5.600103584872679480e-02 -1.918757628000117288e-04 -2.965130632449142212e-02 2.827167586930033616e-02 -3.510994911935417795e-01 3.455701677664012317e-02 -1.247556194418456138e-01 -2.890875322930765157e-02
8.274076743343715679e-01 2.620167297222733560e-02 -4.789815733512167023e-02 -1.230990733752049607e-02 -1.723347052530411344e-02 3.900558309399955459e-02 -6.583147480696565079e-01 5.269582717375371345e-02 -1.294496119061752104e-01 -4.482189958222773662e-02
1.228391227631091098e+00 4.483115067144902849e-02 -3.979527882151654566e-02 -2.442793891224098735e-02 -4.815634726116797826e-03 4.973949031869877302e-02 -9.655300049457715694e-01 7.083463757086731760e-02 -1.341436043705047931e-01 -6.073504593514783556e-02
1.629374780927810740e+00 6.346062837067072138e-02 -3.169240030791141416e-02 -3.654597048696148209e-02 7.602201073070524728e-03 6.047339754339799839e-02 -1.272745261821886631e+00 8.897344796798092870e-02 -1.388375968348344036e-01 -7.664819228806793450e-02
2.030358334224530381e+00 8.209010606989242120e-02 -2.358952179430628959e-02 -4.866400206168197684e-02 2.002003687225784034e-02 7.120730476809722376e-02 -1.579960518698001692e+00 1.071122583650945259e-01 -1.435315892991639863e-01 -9.256133864098803343e-02
