1.961763007663929193e-01 -5.929921082779827657e-01 -7.759777122592144138e-01 4.355181283023328298e-01 -9.149491377986762597e-02 -4.752894616667822092e-01 -1.629366962580521827e-01 -9.877574307624445993e-01 -3.574317313132180374e-02 9.655995504841179411e-01
1.733056092492337719e-01 -4.633517118722983996e-01 -6.179381493006662618e-01 3.412063421089974180e-01 -8.007981590252619131e-02 -3.656881461564789881e-01 -1.480194376647336330e-01 -7.645750787218514866e-01 -5.460162115593152066e-02 7.481683710241514573e-01
1.504349177320746245e-01 -3.337113154666139780e-01 -4.598985863421179987e-01 2.468945559156619507e-01 -6.866471802518475664e-02 -2.560868306461757671e-01 -1.331021790714150554e-01 -5.413927266812582628e-01 -7.346006918054125145e-02 5.307371915641847515e-01
1.275642262149154771e-01 -2.040709190609295842e-01 -3.018590233835697356e-01 1.525827697223265111e-01 -5.724962014784332198e-02 -1.464855151358724905e-01 -1.181849204780964779e-01 -3.182103746406650391e-01 -9.231851720515098225e-02 3.133060121042181567e-01
1.046935346977563297e-01 -7.443052265524523203e-02 -1.438194604250215280e-01 5.827098352899109934e-02 -4.583452227050190120e-02 -3.688419962556929027e-02 -1.032676618847779143e-01 -9.502802260007192636e-02 -1.111769652297606992e-01 9.587483264425163132e-02
8.182284318059718231e-02 5.520987375043910628e-02 1.422010253352663789e-02 -3.604080266434431246e-02 -3.441942439316046654e-02 7.271711588473392385e-02 -8.835040329145933680e-02 1.281543294405211864e-01 -1.300354132543704300e-01 -1.215563468157148802e-01
5.895215166343802105e-02 1.848502701561235972e-01 1.722596654920749981e-01 -1.303525888576798353e-01 -2.300432651581902840e-02 1.823184313950372282e-01 -7.343314469814075929e-02 3.513366814811145211e-01 -1.488938612789801608e-01 -3.389875262756816277e-01
3.608146014627887366e-02 3.144906665618079633e-01 3.302992284506231502e-01 -2.246643750510152193e-01 -1.158922863847760068e-02 2.919197469053404492e-01 -5.851588610482219566e-02 5.745190335217076338e-01 -1.677523093035898916e-01 -5.564187057356481114e-01
1.321076862911974015e-02 4.441310629674922739e-01 4.883387914091713577e-01 -3.189761612443506311e-01 -1.741307611361694874e-04 4.015210624156436148e-01 -4.359862751150363203e-02 7.977013855623007466e-01 -1.866107573281995946e-01 -7.738498851956147062e-01
-9.659922888039407241e-03 5.737714593731766399e-01 6.463783543677195098e-01 -4.132879474376860429e-01 1.124096711620525824e-02 5.111223779259468358e-01 -2.868136891818506840e-02 1.020883737602893859e+00 -2.054692053528093254e-01 -9.912810646555811900e-01
