1.552339315414428711e+00 7.544162869453430176e-01 -2.260676622390747070e-01 -6.205309629440307617e-01 -2.443034052848815918e-01 8.032679557800292969e-01 -1.045554280281066895e+00 2.331806123256683350e-01 -6.881432235240936279e-02 -5.964289903640747070e-01
1.953996658325195312e+00 6.767842918634414673e-02 -8.700916171073913574e-01 -1.459344178438186646e-01 -5.324351191520690918e-01 -2.189848423004150391e-01 -8.191200494766235352e-01 9.302520751953125000e-02 6.800373196601867676e-01 2.426044940948486328e-01
1.839337110519409180e+00 -1.618547290563583374e-01 7.637211084365844727e-01 1.574876159429550171e-02 -7.911410182714462280e-02 -4.946496486663818359e-01 -1.369013428688049316e+00 4.871673285961151123e-01 3.870408535003662109e-01 -5.652105808258056641e-01
1.443609833717346191e+00 5.451056957244873047e-01 3.898689746856689453e-01 7.248758077621459961e-01 5.587964653968811035e-01 -1.749180555343627930e-01 -1.037138819694519043e+00 6.700755357742309570e-01 -9.779155850410461426e-01 7.479235529899597168e-02
1.812219619750976562e-02 -3.521178066730499268e-01 -2.285793423652648926e-01 1.766809523105621338e-01 -4.099665284156799316e-01 -6.848897933959960938e-01 -3.859404027462005615e-01 4.692305028438568115e-01 -9.589083492755889893e-02 1.881022930145263672e+00
-1.956205666065216064e-01 3.997641801834106445e-01 -2.132631540298461914e-01 2.366258203983306885e-02 4.747911989688873291e-01 -9.059040546417236328e-01 9.010374546051025391e-03 -3.974491655826568604e-01 4.937117695808410645e-01 5.786037445068359375e-01
9.338291883468627930e-01 3.765588998794555664e-01 -6.397628188133239746e-01 5.041026473045349121e-01 2.586676180362701416e-01 -2.063620090484619141e-02 -1.305635869503021240e-01 -1.005652785301208496e+00 -6.381107568740844727e-01 4.734516739845275879e-01
2.001387774944305420e-01 -5.414482355117797852e-01 3.184700012207031250e-01 -3.523771166801452637e-01 -9.537800401449203491e-02 6.021388173103332520e-01 -2.487511038780212402e-01 -7.312617301940917969e-01 5.551754236221313477e-01 7.766389846801757812e-01
1.253943204879760742e+00 -7.788938283920288086e-01 -6.868654489517211914e-02 3.931168913841247559e-01 7.935895323753356934e-01 5.792352557182312012e-01 -1.341704607009887695e+00 -2.412856221199035645e-01 1.159677058458328247e-01 2.440503537654876709e-01
-1.063596725463867188e+00 -8.316453695297241211e-01 3.713983595371246338e-01 -1.909141689538955688e-01 9.481034427881240845e-02 -5.593778491020202637e-01 1.067135810852050781e+00 1.390868425369262695e-01 1.429765462875366211e+00 -5.421050786972045898e-01
-1.060807704925537109e+00 -5.542992353439331055e-01 -3.697744011878967285e-01 1.624190211296081543e+00 -7.080342769622802734e-01 3.990711867809295654e-01 9.151357412338256836e-01 1.710341274738311768e-01 5.672570466995239258e-01 1.771769821643829346e-01
-1.246801376342773438e+00 -2.413814365863800049e-01 -7.629393935203552246e-01 -1.093553900718688965e+00 8.971750140190124512e-01 1.177361607551574707e+00 6.493178606033325195e-01 7.556638121604919434e-02 -2.802714705467224121e-03 1.092389822006225586e-01
-1.458212375640869141e+00 -1.066275872290134430e-02 8.257535099983215332e-02 5.392819046974182129e-01 1.352059602737426758e+00 6.805981993675231934e-01 1.000640988349914551e+00 1.590346246957778931e-01 -7.332764267921447754e-01 3.892342150211334229e-01
-1.198156714439392090e+00 1.795028448104858398e-01 2.609995603561401367e-01 -1.034201979637145996e+00 -1.317241191864013672e+00 -8.236137628555297852e-01 9.942258596420288086e-01 -3.679388761520385742e-02 -5.385135114192962646e-02 -3.937783539295196533e-01
-8.729152679443359375e-01 9.350898116827011108e-02 -1.227911710739135742e+00 -8.334390819072723389e-02 -4.810198843479156494e-01 -3.649438023567199707e-01 4.686950743198394775e-01 -1.463743448257446289e-01 -1.118396967649459839e-01 -4.802955687046051025e-01
-1.109576940536499023e+00 2.651647329330444336e-01 9.061726927757263184e-01 5.618335008621215820e-01 2.295022308826446533e-01 -7.694191932678222656e-01 1.020081877708435059e+00 1.156894087791442871e+00 -3.816205859184265137e-01 -2.998380959033966064e-01
-1.105185866355895996e+00 1.424463391304016113e+00 7.471075654029846191e-02 -1.941574066877365112e-01 -7.256817072629928589e-02 2.793226838111877441e-01 8.462260961532592773e-01 8.701219558715820312e-01 -5.269266963005065918e-01 2.157552242279052734e-01
-1.225554704666137695e+00 -9.115696549415588379e-01 -6.654173135757446289e-03 -1.457314044237136841e-01 -1.452504098415374756e-01 2.358388900756835938e-02 7.837631702423095703e-01 -5.980852246284484863e-02 -1.417441606521606445e+00 -5.749648809432983398e-02
-9.616146087646484375e-01 1.862883865833282471e-01 9.735768437385559082e-01 2.416920512914657593e-01 2.770313322544097900e-01 -1.392129063606262207e-02 1.163963556289672852e+00 -7.668712139129638672e-01 -7.039831578731536865e-02 -3.153355419635772705e-01
-1.101611495018005371e+00 1.309786438941955566e-01 4.005236327648162842e-01 -1.680170744657516479e-01 -5.248483419418334961e-01 1.121389627456665039e+00 1.107698440551757812e+00 3.565008938312530518e-01 -1.437427252531051636e-01 -1.033664822578430176e+00
