-5.000828243695508712e-01 7.384940502415598962e-01 3.232696572264812662e-01 -4.755380909692835112e-01 6.612078800407910073e-01 1.152899426162187629e-01 1.513365570399733129e-01 -1.182509699414659332e+00 -4.064928110549171358e-01 -1.103132750487932690e+00
-3.280243719530773205e-01 3.651755675905976606e-01 1.302184235286769631e-01 -2.405573290651775997e-01 5.455889478883824140e-01 1.002896057317060122e-02 9.147359917265690532e-02 -8.872209589285936504e-01 -2.567911833588251702e-01 -8.205414808494573276e-01
-1.901934775356213247e-01 1.575205981768613428e-01 2.513109082321867555e-02 -8.828561285261506131e-02 4.272546929981959618e-01 -2.333414153128172269e-02 4.591469445762005192e-02 -6.843490217522455454e-01 -1.740859168093496778e-01 -6.172586485012981905e-01
-9.369347519166823512e-02 1.721783709479770413e-02 -2.032691764346720650e-02 2.288665135144550902e-02 2.783604249731196911e-01 -4.219393662681597199e-03 1.787109198947032379e-02 -3.941068442395139759e-01 -1.211807985571983909e-01 -4.566955004220911163e-01
-1.592535751528484367e-02 -6.674221808177473181e-02 -6.378749356647155089e-02 7.269999241071099794e-02 9.487258183508522069e-02 1.003000461099562597e-02 2.161737849937051621e-04 -6.708984956311647707e-02 -6.771407207212817858e-02 -2.710234058921293099e-01
2.439433514730146579e-02 -1.513617869341772615e-01 -8.501965772841303670e-02 1.347799587236116481e-01 -5.936689009463338301e-02 -1.485116113231457063e-02 -7.597993791442284039e-03 2.111661748326557897e-01 -1.171156301888833613e-03 -4.515249791794895967e-02
1.049643951788689217e-01 -2.441614719756011187e-01 -1.363925970375236274e-01 2.025884311052336129e-01 -1.077037745247551165e-01 -4.160045986724764805e-02 -3.636059147848202250e-02 4.229925971094096182e-01 5.731864226378165228e-02 2.117682119801606311e-01
1.858630806557314552e-01 -3.594094392132572424e-01 -1.803249573153837271e-01 2.435670636917717236e-01 -1.383188447642033810e-02 -6.013282998296767823e-02 -7.613874817802178396e-02 6.883357656230609800e-01 1.143934548489615594e-01 4.819138483154353225e-01
2.812902783424225950e-01 -4.679685642948082092e-01 -2.220604093023981207e-01 2.242683923783443389e-01 2.113057787699132717e-01 -7.514506323505486252e-02 -8.908942529451052694e-02 1.100049697200068843e+00 1.560463564506963108e-01 7.864726272058192302e-01
4.681723438997241193e-01 -7.543776643465514020e-01 -3.739912392659786033e-01 3.215463902532876839e-01 3.946388744581928454e-01 -8.492330646626204682e-02 -1.683473439037150854e-01 1.411353688511684190e+00 3.287143729537752579e-01 1.121540785439260279e+00
