-7.954305941421360160e-01 -1.993004407737037076e-01 -1.740641511478670245e-01 2.837269510297564246e-01 -1.557347481750650964e+00 3.150334723264913706e-01 4.316684676150980837e-01 -2.556134843146798397e-01 2.675038871757242087e-01 3.905235023209542855e-01
-4.641234098099081273e-01 -1.443387014718651162e-01 -1.369901788238533924e-01 1.846716560094786019e-01 -1.113125004843533494e+00 1.477716526259223728e-01 2.556385811461951429e-01 -2.501604508710100760e-01 1.272924638900741201e-01 1.565471482340154152e-01
-3.072264340821488915e-01 -1.173734387063705698e-01 -1.053149255594370004e-01 1.110714143602566650e-01 -6.956982799192116262e-01 7.219652725803028803e-02 1.599506881868415220e-01 -2.129308874756624670e-01 5.436187404223449121e-02 5.612303720715224042e-02
-1.848219545140171172e-01 -9.592522441551412649e-02 -9.374470392907387206e-02 6.027516345216120397e-02 -3.077696474639339819e-01 3.258858302681238300e-02 8.373388964531697232e-02 -1.505561274049533604e-01 2.015084912228721700e-03 -6.114354836701867309e-03
-6.719238168428012803e-02 -7.725289207532827496e-02 -7.266421122394441101e-02 1.947314661311612405e-02 5.950747921656788370e-02 -1.407283524830284585e-02 2.301268196113809977e-02 -8.633355381158806796e-02 -3.707061829282427140e-02 -3.677035719373257516e-02
5.100894956182192019e-02 -6.795053523470166723e-02 -6.102078172695528380e-02 -1.766892001637307419e-02 3.854140990672242917e-01 -5.243217290105477157e-02 -5.453837629559796923e-02 1.767789218935124362e-02 -7.857244958351036757e-02 -7.271267623835567240e-02
1.763011725290148934e-01 -4.580552160851494858e-02 -2.573301167507028100e-02 -6.303384525187467891e-02 7.185327572036770416e-01 -1.029330562423597245e-01 -1.262190283061925544e-01 1.196379766863251010e-01 -1.126022964207575999e-01 -1.077955286826135783e-01
3.107902657299971283e-01 -1.645814185726618764e-02 -1.943070063375623366e-02 -9.065792686856492810e-02 1.109697911864853559e+00 -1.423946671648275708e-01 -1.959241369506554142e-01 2.191241945882551612e-01 -1.487595335074803904e-01 -1.848964819972785112e-01
4.796170644404183503e-01 1.129853849945514077e-02 2.573660455572316513e-02 -9.301731066047115581e-02 1.578318424244403495e+00 -1.889377078112796371e-01 -2.818542117994723428e-01 3.253147088378207097e-01 -1.943990341685084555e-01 -3.280900970001126571e-01
7.705722335337563678e-01 3.901099864305384440e-02 7.229363634328878074e-02 -7.782952738275483728e-02 2.288146221579757889e+00 -2.369926881328807411e-01 -4.291882468698119402e-01 5.945085236917263538e-01 -2.549231041634321127e-01 -5.430004654802104147e-01
