7.232352283867664322e-02 -3.440410605212056994e-01 6.352188474445796817e-01 -3.986590681717065016e-02 -5.459916728277013354e-01 -8.188579967032342255e-01 -2.484036697804923588e-01 -4.339103925621597829e-02 -9.681073685470061863e-01 2.448234760569481250e-01
4.122866881540595413e-02 -2.516269639116840984e-01 3.687865995860043489e-01 -2.414926687390734489e-02 -3.243108985049327209e-01 -5.323438786794458810e-01 -1.597852997136185449e-01 -2.762187098044891626e-02 -6.227530470326781975e-01 1.407147831209951960e-01
2.374193509624214493e-02 -1.909213648838669897e-01 2.113112359104986626e-01 1.433147700429458771e-02 -1.613609200655674314e-01 -3.659867327076187227e-01 -1.068303883215209055e-01 -5.715407586636684148e-03 -4.039913042713307867e-01 8.328067713071152234e-02
1.854147559404993248e-03 -1.494804507018243356e-01 8.431500162900622264e-02 2.338876335403557161e-02 1.370110206688816791e-03 -2.205503747116397961e-01 -6.810969879355925627e-02 1.549576735411377360e-02 -2.439194455818783358e-01 1.902708816888733917e-02
-7.673041796676077775e-03 -9.141273577292975683e-02 -1.918906711750251876e-02 2.977891827942337824e-02 1.554486909278693374e-01 -8.405895943385115199e-02 -2.210114972916351131e-02 1.417876574717202159e-02 -1.011096462873457419e-01 -3.251591604726091628e-02
-2.254223471052368283e-02 -5.400978489830923768e-02 -1.278370290818467148e-01 3.882533802530296202e-02 2.879324158089566210e-01 4.756753755065990658e-02 1.302699701096295430e-03 3.941478581321395530e-02 4.354555491030228515e-02 -8.864053762882428966e-02
-2.038921817744831361e-02 -5.747177868732243275e-03 -2.387570007172373776e-01 4.036111007373844456e-02 4.443477980095564273e-01 1.748078294262025434e-01 4.497895521178885830e-02 5.732413605615009622e-02 1.935392849113221070e-01 -1.354789449089683351e-01
-4.676511658305995689e-02 4.075986562208530617e-02 -3.558415827992289504e-01 5.979773589602274675e-02 6.280952995882873591e-01 3.237567292008424746e-01 8.928798106753142727e-02 8.241871905226820505e-02 3.463651945990279812e-01 -2.072449496957368131e-01
-5.757434604184237525e-02 1.138768348889099280e-01 -4.846694007801096715e-01 9.024696439741247689e-02 8.356209974587438527e-01 5.193025111557566520e-01 1.457422245313229892e-01 1.120190139319759276e-01 5.455663761080229435e-01 -2.813985403948770503e-01
-4.618639963055954506e-02 2.068702941221169378e-01 -7.094682902854591022e-01 1.201599197400590874e-01 1.181285328147861247e+00 8.212887735592862004e-01 2.239955121272976246e-01 1.841129119665610714e-01 8.778846963610280607e-01 -4.048696186975503375e-01
