0.076192 -0.107965 -0.362968 0.213997 -2.074128 0.037867 -0.119603 0.126909 0.181125 0.443561
0.290254 -0.312742 0.051202 0.188066 0.372015 0.071429 -0.144934 1.635834 0.478201 0.867894
0.124984 -0.387371 0.131317 0.146683 2.735288 0.176320 -0.396047 0.630288 0.307747 0.191496
-0.048290 0.191616 -0.050556 -0.524385 1.520859 -0.423757 0.017780 -0.742831 -0.089897 -0.579009
0.282234 -0.022502 0.011776 -0.197832 -0.854742 -0.345259 -0.157679 -1.050136 -0.049605 -0.736433
0.434712 -0.276890 -0.627159 0.513859 0.006685 -0.286431 -0.112740 -0.466269 0.143895 -0.628850
-0.533635 0.062397 0.210297 -0.166245 1.111755 -0.089010 -0.034135 -1.675753 -0.048062 -1.061016
0.064075 -0.177457 0.146651 -0.449510 0.873550 0.219739 -0.257262 -2.127508 0.122980 -0.750379
0.124007 0.075188 -0.221026 -0.137737 0.064546 -0.321217 0.311880 -0.386668 -0.582139 0.627499
-0.569664 0.983888 0.410309 -0.640793 0.727875 0.106536 0.200517 -1.467115 -0.502506 -1.238794
-0.373263 0.459936 0.171661 -0.322583 0.590028 -0.013919 0.130356 -0.966827 -0.299914 -0.908876
-0.120039 0.059528 -0.012886 -0.016588 0.312807 -0.028559 0.032526 -0.461614 -0.133821 -0.497738
0.057724 -0.184777 -0.105121 0.155759 -0.060842 -0.023901 -0.017941 0.278045 0.016065 0.040658
0.246399 -0.432621 -0.206346 0.238698 0.127575 -0.057592 -0.092484 0.956723 0.147215 0.686983
0.520820 -0.838225 -0.409861 0.375367 0.410566 -0.055242 -0.208849 1.425282 0.382528 1.169507
