-4.724324348111976213e-01 5.992385837952124428e-01 2.740813614295450895e-01 -4.204972258262953400e-01 6.442627770925027919e-01 -1.763088758100154335e-02 2.043810762937832981e-01 -7.434035064444000085e-01 -4.622139103550453876e-01 -1.181283776793227380e+00
-2.926869531351427578e-01 2.802933953480453710e-01 1.052819716987703630e-01 -2.067729132006407289e-01 5.401942437441981104e-01 -4.087318349651119370e-02 1.195292575251234446e-01 -6.432571021794731836e-01 -2.807308549680636589e-01 -8.162383500712350193e-01
-1.648891698037564246e-01 1.168522456179026253e-01 2.343549764995134579e-02 -5.308759421138977558e-02 4.258524162679429570e-01 -3.831853803172934753e-02 5.663236735040663716e-02 -4.699914045573682086e-01 -1.841821303939936427e-01 -5.944451714464883407e-01
-6.937036185189994486e-02 -1.351284298323690916e-02 -2.161564585995879098e-02 3.876250478207025202e-02 2.624795747947130664e-01 -1.689057496837406691e-02 2.218693274408340549e-02 -2.241994549929419434e-01 -1.220688450271825293e-01 -4.113110359330637289e-01
5.728121889343393280e-03 -9.581260730797012959e-02 -8.236964401718264994e-02 9.383398471608703217e-02 1.045032741745688526e-01 -1.575116067487306037e-02 1.888851035178732091e-03 3.323595843431487173e-02 -4.339296134688627044e-02 -2.145182254763907392e-01
4.608227052036306670e-02 -1.719481071943541883e-01 -9.890202477770576595e-02 1.497347938435505676e-01 -1.665528676752603757e-02 -1.748042430757221211e-02 -1.390696302766947570e-02 2.689705985761027818e-01 1.302506007738042822e-02 3.678927944468543543e-02
1.186954700403798774e-01 -2.682882736548956037e-01 -1.377357895427266665e-01 1.968179516649754268e-01 -8.259023141369632726e-02 -3.317948661724362536e-02 -4.721012224575214106e-02 4.740993706672642083e-01 6.524806301671515207e-02 2.890162458522411160e-01
1.849854328122258196e-01 -3.519069392500990823e-01 -1.791993681443681263e-01 2.255482409914643660e-01 -7.722988843775940859e-02 -4.389156466140704815e-02 -7.383769444667302728e-02 7.284722897957837118e-01 1.301463537342770482e-01 5.726456341810608475e-01
2.923576985365746728e-01 -4.855408907475421976e-01 -2.439367246309973869e-01 2.552924580979869518e-01 5.086302331064364995e-02 -4.692557815101919272e-02 -1.189578541674411877e-01 1.017165279735861017e+00 2.207415363722355084e-01 8.599733022340142474e-01
4.963913547338467680e-01 -7.554046217495997695e-01 -4.005984943386420305e-01 3.547577852663602038e-01 2.712735012173652649e-01 -2.552679156705506616e-02 -2.219089845695822738e-01 1.276643215530144371e+00 4.070466775107610680e-01 1.196236614476853033e+00
